-0.369122 1.275120 0.027676
-0.457707 1.303270 0.030678
-0.708847 1.498340 0.388672
-0.033156 1.304030 0.212208
-0.211979 1.272000 0.091528
-0.265255 1.259200 0.087487
0.339261 1.120380 0.269672
0.376485 1.104550 0.145481
-0.259368 1.111180 0.379115
0.279520 1.209390 0.215377
-0.628308 1.559870 -0.150105
0.390029 1.067110 0.215202
0.447976 0.950477 0.086647
-0.330636 1.736190 -0.031267
-0.808069 1.362430 0.495014
-0.705086 1.244500 0.526685
0.087487 1.312250 0.145345
0.401015 1.067110 0.087417
0.379483 1.001450 -0.082713
-0.906538 1.372010 0.207305
-0.841655 1.106670 0.275273
-0.705214 1.562140 0.144536
-0.838720 1.521200 0.282652
0.030503 1.243200 0.332425
0.087083 1.241650 0.330348
-0.328896 1.261300 0.030065
-0.506302 1.430650 0.150611
-0.757863 1.363700 0.501720
-0.027191 1.289620 0.264678
-0.460961 1.251180 0.263142
-0.785104 0.942728 -0.109192
0.216915 1.253730 0.211452
-0.888469 1.243050 0.023704
0.403860 1.008250 -0.030304
-0.884145 1.177910 0.026855
-0.319074 1.774210 -0.049188
-0.765825 1.432240 0.455148
-0.209748 1.125440 0.388613
-0.208360 1.794250 -0.221622
-0.377039 1.679870 -0.130391
-0.331765 1.268100 0.083996
0.089393 1.271140 0.292916
-0.449440 1.310830 0.147963
-0.266041 1.251500 0.028238
0.144285 1.232800 0.319185
0.192440 1.222840 0.308314
-0.390225 1.673170 0.021553
-0.880800 1.299760 0.020638
-0.537203 1.426080 0.266058
0.430950 0.980072 0.191617
0.432138 1.001170 0.086647
0.415448 0.944954 0.275695
-0.578726 1.553370 0.149245
-0.231577 1.573750 -0.046304
-0.683123 1.457350 0.420568
-0.708351 1.428470 0.451248
-0.706640 0.642894 0.209789
-0.761519 1.305810 0.525324
-0.640036 1.617840 -0.208118
-0.706461 1.557110 0.025241
-0.924366 1.184340 0.399838
-0.635349 1.560520 0.148814
0.282675 1.181920 0.274382
0.392736 0.938857 -0.091545
-0.695973 1.648440 -0.174846
-0.089235 1.239040 0.330319
0.269099 0.942476 0.444911
-0.146258 1.623770 -0.144398
-0.450983 1.670720 0.028933
-0.761536 1.727420 -0.384391
-0.858274 1.054580 0.047232
0.370431 1.104430 0.207229
0.321593 0.994027 0.380657
-0.752870 1.464330 0.428582
-0.395145 1.711070 0.005317
-0.839586 1.121500 0.014875
0.446848 0.883378 0.216285
0.161783 1.278190 0.220535
-0.025163 0.397232 0.474087
0.030316 0.406968 0.460422
-0.143059 1.281970 0.033386
-0.526117 1.555960 0.109972
-0.332043 1.777600 -0.090622
0.394391 1.066540 0.030658
-0.923799 1.249000 0.327641
0.454681 0.882959 0.146642
-0.274495 1.798020 -0.092584
-0.725040 1.462970 0.429682
-0.579959 1.297930 0.383118
0.431170 0.923689 0.251649
-0.086572 1.303230 0.149721
-0.141304 1.291880 0.147431
-0.707877 1.558300 0.092195
-0.095273 1.270410 0.281475
-0.646289 1.534040 0.329146
-0.706939 1.534700 0.328596
0.208126 1.184340 0.336393
-0.396566 1.730080 -0.029971
-0.442176 1.708150 -0.039143
-0.582565 0.395149 0.457796
-0.523033 0.401501 0.462300
-0.760211 1.612740 -0.145891
-0.693983 1.630160 -0.140293
0.399663 1.064910 0.149520
0.415360 0.950084 -0.047574
-0.470079 1.637790 0.052830
-0.402546 1.616780 0.029866
-0.386569 0.389805 0.441153
-0.704175 1.669910 -0.216976
-0.254201 0.886622 0.503827
-0.886334 1.374290 0.087695
-0.141790 1.262700 0.266417
-0.360017 1.740800 -0.118959
-0.886251 0.937834 0.082353
-0.648672 1.558740 -0.089150
-0.704508 1.377520 -0.077401
-0.750154 1.662470 -0.219558
0.299465 1.148690 0.300239
0.398138 0.998788 0.273101
-0.152420 1.116980 0.407424
-0.700387 1.182190 0.524379
0.149973 1.123990 0.386082
-0.364870 1.712250 0.005450
-0.641664 1.185510 -0.096833
-0.718170 1.669790 -0.463822
-0.913559 1.453400 0.246937
0.090370 1.125690 0.396571
0.324674 0.997396 -0.141603
0.417911 1.018450 0.018861
0.030299 1.125170 0.415434
-0.650368 1.484850 0.382561
-0.706519 1.306300 0.502497
-0.144471 1.289350 0.090351
0.029258 1.315410 0.091232
-0.625682 1.511250 0.358750
0.349829 1.133280 0.214487
0.213270 0.385664 0.392992
0.145125 0.937710 0.501571
-0.092375 1.128490 0.413907
0.415329 1.009060 0.210277
0.422859 1.014860 0.146614
-0.773783 1.128390 -0.044876
-0.780350 1.376410 -0.051738
0.087344 1.063470 -0.202193
0.090324 1.303500 0.211569
0.030132 1.309020 0.206741
-0.028634 1.311500 0.147367
-0.391578 1.256900 0.207996
-0.205725 1.235230 0.265579
-0.644194 1.556340 0.092848
-0.463385 1.314110 0.207671
-0.532034 0.439067 0.446580
-0.029765 1.310460 0.088497
-0.896640 1.377550 0.263925
-0.088873 1.242730 -0.088028
-0.460971 0.385107 0.446891
-0.649255 1.788740 -0.579325
-0.329347 1.246010 0.211235
-0.831301 1.499010 0.334123
-0.895652 0.939480 0.149303
-0.328901 1.245180 -0.028205
-0.845271 1.061610 0.020433
-0.469341 1.558160 0.087292
0.206202 1.239430 0.267275
-0.262560 1.174990 0.321672
-0.213920 1.186320 0.336445
-0.195069 1.161320 0.368525
-0.761618 1.183820 0.520923
0.088928 0.395765 0.451727
-0.534736 1.595480 0.075383
-0.469464 1.612260 0.068022
-0.574886 1.548620 0.204748
0.317199 1.176350 0.202007
0.378683 1.055140 -0.025916
-0.811847 1.376930 -0.025399
-0.764348 1.245150 0.528345
0.343816 1.061040 -0.090025
0.457922 0.883160 0.086710
-0.703288 0.944195 -0.159143
-0.756048 0.937947 -0.135536
-0.586570 1.563690 0.093256
-0.637335 1.538480 0.022272
-0.777278 0.960024 0.363437
-0.868519 1.365560 0.030993
-0.455299 0.432404 0.432162
-0.402011 0.457490 0.408051
-0.654123 1.604030 -0.149066
-0.318898 0.387174 0.510004
-0.267997 0.453977 0.509311
-0.271043 0.396972 0.535379
-0.215575 0.460868 0.517209
-0.143078 0.445295 0.504368
-0.098159 0.432640 0.493162
-0.034844 0.440540 0.472086
0.095770 0.458139 0.465877
0.204800 1.110860 0.379569
-0.141831 1.285470 0.200007
-0.526702 1.441080 0.210347
-0.634838 1.738400 -0.527131
-0.366553 1.719990 -0.125745
-0.525548 1.312280 0.328277
-0.659567 1.320230 0.442925
-0.921726 1.183200 0.267606
0.452792 0.882737 0.026818
-0.030565 1.128890 0.417789
-0.451955 1.613960 -0.087157
-0.402914 1.609330 -0.115368
-0.521414 0.701165 0.389584
-0.383315 0.936040 -0.232581
-0.690556 1.373740 0.463520
-0.695996 1.674010 -0.516299
-0.024605 1.241020 0.337609
-0.398624 1.282040 0.029935
-0.753331 1.490320 0.395625
-0.701432 1.606180 -0.091780
-0.589378 0.440425 0.434222
-0.207164 1.264450 0.031249
-0.085067 0.467286 0.481052
0.030032 0.450308 0.469911
-0.802174 1.486650 0.379438
-0.819961 1.306980 0.513437
0.027309 1.063330 -0.209927
-0.757273 0.885687 -0.138399
-0.698477 0.882875 -0.167823
-0.668508 1.592430 -0.102161
-0.226988 0.885773 0.536309
-0.028142 0.990077 0.505614
0.452902 0.696213 0.253974
-0.525629 0.472823 0.404820
-0.469590 0.466581 0.408127
-0.691348 1.566820 -0.027637
-0.897599 1.500730 0.220744
-0.702883 1.556370 0.263654
-0.765031 1.548930 0.266005
-0.080484 0.987379 0.505998
0.300791 1.156700 -0.043046
-0.923054 1.177570 0.334441
-0.331192 0.449511 0.462474
-0.337794 1.133080 0.346120
-0.521291 1.137690 0.349566
0.437636 0.825382 -0.027974
-0.202819 1.260160 0.210507
0.327872 0.439250 0.295904
-0.453372 1.552660 -0.075525
-0.284609 1.739870 -0.175958
0.268448 0.881755 -0.223077
-0.308231 0.923023 -0.246377
-0.899732 1.499750 0.141115
0.381804 1.051210 0.266947
0.084200 1.290700 0.258154
-0.266549 0.942999 -0.265555
-0.279896 0.475815 0.485532
-0.150037 0.480730 0.483203
-0.029899 0.473817 0.491102
0.037675 0.477551 0.502037
0.074850 0.473851 0.493363
-0.581651 1.497510 0.328580
-0.720688 1.364560 0.490662
-0.810638 0.939541 -0.082617
0.380863 0.458646 0.307423
-0.253234 1.829980 -0.108168
-0.230508 1.832350 -0.110157
0.032332 1.291460 0.263855
-0.626125 1.497880 -0.034334
-0.591471 0.466998 0.395843
-0.353862 0.471292 0.414241
-0.194948 0.486404 0.485565
-0.084945 0.521633 0.517688
-0.029649 0.514290 0.527827
0.027902 0.517664 0.528352
0.090403 0.517165 0.512220
0.443839 0.943042 0.026838
-0.886145 1.111130 0.148415
-0.885219 1.440270 0.329221
0.440719 0.937787 0.206165
0.436531 0.980341 0.146596
-0.650976 1.537990 -0.028581
-0.517297 0.490759 0.371355
-0.331222 0.518259 0.385377
-0.377352 1.274480 0.152358
-0.090661 1.007010 0.460122
-0.410683 1.284160 0.134054
-0.712056 1.587240 -0.052187
-0.266313 0.501544 0.446950
-0.211065 0.519946 0.455753
-0.168667 0.505241 0.476889
-0.147601 0.527687 0.501030
-0.626395 1.499720 -0.089773
-0.908610 1.247320 0.062784
-0.255786 0.923499 -0.315595
-0.709738 1.729470 -0.527680
-0.588974 1.432320 -0.032765
-0.943643 1.243600 0.216467
0.337044 1.124490 -0.026988
-0.515051 1.365570 0.263185
-0.088659 1.211990 0.360577
-0.617290 1.556650 -0.259512
-0.862637 1.056700 0.206042
-0.895584 1.386060 0.326890
-0.268168 1.239040 0.208113
0.341937 0.515433 0.330810
0.401268 0.512743 0.322702
0.449306 0.526595 0.319582
-0.405348 1.171680 0.319438
-0.636902 1.555460 -0.390642
0.278663 1.004010 0.410064
-0.275828 1.792750 -0.157605
-0.758871 0.942302 0.383961
0.138371 1.292010 0.203961
-0.152723 0.998429 0.451638
-0.091676 1.297180 0.206646
-0.512444 0.516901 0.334801
-0.461563 0.523184 0.379981
-0.410001 0.527200 0.393793
-0.270993 0.526642 0.393104
0.434924 0.931097 -0.015403
-0.823819 1.126830 0.454270
-0.920660 1.180550 0.090994
-0.044888 1.217130 0.362976
0.147346 1.294230 0.143146
-0.158113 1.618880 -0.097358
-0.778838 1.497040 -0.033749
-0.865357 1.247700 -0.016699
0.153656 1.260580 0.275381
-0.388913 1.237610 0.249778
-0.390351 1.212380 0.283673
-0.324963 1.202370 0.283344
-0.149052 1.231100 0.316417
-0.582873 1.176880 0.386719
-0.626536 1.618610 -0.264031
-0.818147 1.416390 0.444825
0.350734 1.000710 0.345975
0.311856 1.121500 0.310216
-0.335778 1.174300 0.314580
-0.596370 1.534750 0.313480
-0.481256 0.536625 0.362191
-0.590260 1.563880 0.026985
-0.211187 0.578754 0.461125
-0.827380 1.247210 0.505540
-0.466997 1.136300 0.348133
-0.107262 1.796620 -0.277472
0.347725 0.894441 -0.170339
-0.891825 1.003510 0.148945
0.257275 1.228940 0.207337
-0.883949 1.002770 0.084123
-0.649858 1.555180 0.263367
-0.768402 1.540730 0.025788
-0.576877 1.541460 0.262123
-0.266966 1.257290 0.145923
-0.763760 1.557820 0.208875
-0.763295 1.671880 -0.395940
-0.771877 1.002290 -0.103313
-0.153681 0.590839 0.519909
-0.102060 0.576345 0.535443
-0.035004 0.578672 0.543757
0.030082 0.568916 0.538692
0.088308 0.580497 0.529859
0.410915 0.820775 -0.089341
0.395449 0.576373 0.318985
-0.762443 1.393360 0.484763
-0.324306 1.203790 -0.095534
-0.194451 0.881559 0.557639
-0.747870 1.594710 -0.089820
-0.639935 1.561100 0.210031
-0.762438 1.531010 0.322442
-0.087668 1.287270 0.251020
0.282216 1.122370 -0.098307
-0.451341 0.593225 0.387559
-0.405005 0.579499 0.402020
-0.339930 0.584028 0.387040
-0.272756 0.585468 0.382285
-0.248608 1.229130 0.245429
-0.825276 1.543550 0.206132
-0.088427 1.294030 0.030516
0.207587 1.266540 0.147646
-0.394868 1.733510 -0.083944
-0.284210 1.140190 0.347746
-0.193575 1.220090 0.306737
-0.691626 1.616750 -0.514614
-0.516736 1.500600 0.148119
-0.156325 1.201510 0.349054
0.467454 0.582319 0.314404
-0.770165 0.685425 0.147863
-0.096710 1.732250 -0.264945
-0.213141 1.848130 -0.151112
-0.766524 0.882188 0.382876
-0.540219 0.521463 0.110698
-0.219451 1.268210 0.155536
-0.820391 1.533920 0.264506
-0.213183 1.244680 -0.029084
-0.268364 1.234650 -0.032154
-0.312035 1.777960 -0.133521
-0.074994 0.598042 0.553302
-0.010895 0.601245 0.554892
0.028020 0.599746 0.555283
-0.517970 1.181190 0.336780
0.030246 1.316180 0.149353
0.446005 0.942619 0.151198
-0.880636 1.118550 0.085229
-0.704321 1.440960 -0.148369
-0.820967 0.943634 0.322765
-0.269642 1.208120 0.275676
-0.540164 1.499680 0.253393
-0.800337 0.995053 -0.077014
0.092214 1.203800 0.360924
0.028606 1.179680 0.387331
-0.936229 1.184940 0.206524
-0.409923 1.132290 0.351090
-0.822185 1.544880 0.146661
-0.625956 1.552020 -0.329876
-0.462511 1.246210 -0.089812
-0.220336 1.606760 -0.042601
-0.656210 1.727670 -0.466049
-0.762614 1.558840 0.148687
-0.644988 1.490440 -0.265159
-0.581979 0.593456 0.210895
-0.335439 1.226180 0.254024
-0.826578 1.534340 0.092140
-0.499990 1.324170 0.286961
0.088217 1.310960 0.086491
-0.154842 0.644282 0.533754
-0.087195 0.650150 0.556827
-0.032481 0.640003 0.562816
0.029260 0.643094 0.563956
0.073846 0.651614 0.553402
-0.143174 1.169710 0.378360
-0.029922 1.180830 0.390751
-0.086430 1.178160 0.385662
-0.532884 0.571719 0.206631
-0.882588 1.003870 0.210097
-0.324377 0.997030 -0.227313
0.425072 0.603725 0.302275
0.523383 0.580401 0.290457
0.413612 0.877503 -0.092923
-0.581547 0.620148 0.270981
-0.530328 0.590503 0.266933
-0.477227 1.355260 0.148654
0.032351 0.983053 0.504424
0.150627 1.196420 0.348060
-0.453373 0.643061 0.391142
-0.394097 0.644278 0.414133
-0.330680 0.642666 0.396407
-0.270237 0.644489 0.395335
-0.881604 1.494790 0.268507
-0.640727 1.434340 -0.089404
0.028603 1.211510 0.361390
-0.827306 1.381520 0.466993
-0.026151 1.270060 0.301320
0.355841 1.084980 -0.045252
0.219203 1.141360 0.356941
-0.379555 1.619540 -0.128021
-0.526362 0.643632 0.340621
0.258740 1.233740 0.143811
-0.451406 1.311840 0.090160
-0.757780 1.553610 -0.031068
-0.739145 1.564370 -0.274945
-0.833056 1.007780 -0.035429
-0.767099 1.739420 -0.452732
0.084611 1.169850 0.380330
-0.200899 1.847880 -0.205460
-0.465710 1.204130 0.285524
-0.515313 1.237180 -0.088569
0.212116 1.058040 -0.171101
-0.938613 1.244870 0.151416
0.414591 0.645770 0.290352
0.466725 0.643471 0.285539
0.526423 0.634018 0.283831
-0.468141 1.683220 -0.028543
-0.869152 0.944156 0.029312
-0.773713 1.615590 -0.267238
-0.396095 1.266770 -0.033470
-0.271315 0.764239 0.455715
-0.587953 1.070120 -0.177177
-0.748314 1.115600 -0.072100
-0.642623 0.888181 -0.187330
-0.325172 0.881157 -0.255424
0.032565 0.700086 0.561047
0.103151 0.636713 0.537558
0.432701 0.979967 0.026780
-0.708223 1.562440 0.212070
-0.584176 0.702277 0.384322
-0.703207 1.123050 -0.096385
-0.581653 0.881983 -0.208369
-0.443038 0.877156 -0.218942
-0.488091 0.660127 0.373959
0.026941 1.269110 0.301140
0.239692 1.210500 0.288706
-0.469203 1.174680 0.314407
-0.915520 1.433610 0.201623
-0.907563 1.438590 0.263089
-0.495713 1.440220 0.097664
-0.770934 1.558300 -0.147903
-0.868322 1.056340 0.088757
-0.828480 1.316480 -0.029975
-0.384249 1.064070 -0.201393
-0.823953 1.188410 -0.033602
-0.102333 0.876697 -0.375101
-0.078936 0.898420 -0.363492
-0.579097 1.117690 -0.161856
0.140074 1.057930 -0.193841
-0.032856 1.054350 -0.225198
-0.409613 0.709720 0.419904
-0.335010 0.710512 0.409793
-0.272732 0.701361 0.410332
-0.161963 1.271210 0.228897
-0.190644 1.279360 0.133818
-0.149926 0.694778 0.545159
-0.093272 0.707313 0.562936
-0.029940 0.710941 0.575426
0.083883 0.714267 0.556585
0.102531 0.693533 0.547665
-0.323939 1.533990 -0.024033
0.435981 0.881514 0.254203
-0.586529 1.248820 -0.078109
-0.204287 1.070450 -0.220460
-0.382961 0.879422 -0.229335
-0.815730 1.133940 -0.017308
-0.380811 1.547780 -0.088915
-0.021259 0.889926 -0.354677
0.090406 1.001930 -0.222794
-0.467068 0.700493 0.405769
-0.779974 1.512440 0.352264
0.149019 1.161260 0.367849
-0.760300 1.063010 -0.087688
-0.885261 1.378390 0.393964
-0.703112 1.312780 -0.085772
0.419377 0.703605 0.288832
0.514194 0.684326 0.256968
-0.922548 1.248130 0.393757
0.135035 1.281050 0.250558
-0.704618 1.254210 -0.088133
-0.703931 1.187310 -0.084096
-0.719685 1.063050 -0.114493
-0.646972 1.614980 -0.573125
0.463693 0.715128 0.216754
-0.538246 1.534970 0.152346
-0.142869 0.724666 0.554243
-0.394057 1.185120 -0.133600
-0.280509 0.880065 -0.330858
-0.095770 1.682540 -0.212321
-0.445856 1.673240 -0.078266
-0.513101 1.615940 -0.035596
-0.702356 1.793040 -0.569867
-0.644695 1.684020 -0.398946
-0.089459 1.301390 0.091178
0.021950 0.880369 -0.342201
-0.268891 1.672600 -0.174204
-0.525985 1.550540 -0.036871
-0.761618 1.317360 -0.069672
-0.759576 0.709900 0.265672
-0.087534 1.058800 -0.228500
-0.519242 1.493000 -0.027759
-0.163710 1.846500 -0.214272
-0.205480 0.705632 0.520411
-0.813371 1.200730 0.495330
-0.625087 1.499340 -0.150319
-0.831098 1.065100 0.273461
-0.111190 1.635820 -0.187510
-0.029106 1.011470 0.456419
-0.635467 0.660523 0.318653
-0.511979 0.873878 -0.217212
-0.530335 0.740367 0.417219
-0.465007 0.756701 0.421325
-0.223140 0.760359 0.530306
-0.151351 0.764056 0.563566
-0.090060 0.766621 0.575852
-0.029973 0.767339 0.584651
0.034742 0.769755 0.565905
0.086076 0.767538 0.557293
-0.271239 1.562160 -0.030273
-0.633091 1.673800 -0.580906
-0.873943 1.442250 0.090237
-0.626891 1.622970 -0.470925
0.370111 1.103970 0.026529
-0.744006 1.440620 -0.086456
-0.244124 1.838410 -0.135068
-0.803381 0.715473 0.150483
-0.644528 0.761561 0.406380
-0.588413 0.753794 0.421022
-0.524294 0.773720 0.433357
-0.484981 0.769334 0.432810
-0.414954 0.773856 0.429005
-0.395008 0.754808 0.425134
-0.334880 0.764759 0.414605
-0.627838 1.621630 -0.530538
0.381456 0.881056 -0.138675
-0.642837 0.396418 0.396240
-0.526672 1.213350 -0.109170
-0.738104 1.629420 -0.370930
-0.490869 1.393800 0.088990
-0.495771 1.660270 -0.017111
-0.709736 1.616090 -0.450808
0.251847 1.219500 0.254854
-0.193615 0.781018 0.558163
-0.265458 1.206450 -0.091133
-0.617960 1.557410 -0.207923
-0.824760 1.102950 0.324103
-0.691674 1.563140 -0.508570
-0.622848 1.623600 -0.396288
-0.882480 1.138030 0.264606
-0.575392 0.787026 0.436363
-0.298439 0.782596 0.421168
-0.677617 0.876701 0.434928
-0.921939 1.318840 0.152270
-0.878987 1.117420 0.209206
-0.493530 1.392980 0.147955
-0.327071 1.733210 -0.149209
-0.866298 1.528510 0.149144
-0.779646 1.000250 0.351850
-0.935537 1.184040 0.151524
-0.849080 1.080100 0.228537
-0.210677 0.821213 0.562096
-0.149957 0.821870 0.572635
-0.089967 0.822178 0.576875
-0.029997 0.822055 0.574653
0.034748 0.817533 0.567544
0.082483 0.829920 0.556315
0.102414 0.812949 0.546523
-0.398496 1.239660 -0.087890
-0.922570 1.247690 0.090209
-0.436728 1.261910 0.209533
-0.820425 1.058730 -0.027187
-0.663016 0.807623 0.424437
-0.639939 0.836688 0.439754
-0.585390 0.825906 0.439671
-0.521209 0.822523 0.446262
-0.467559 0.828569 0.439458
-0.424962 0.810729 0.423266
-0.404903 0.830123 0.430984
-0.365108 0.825773 0.434355
-0.322040 0.824171 0.421121
-0.864005 1.529810 0.204492
-0.235661 1.154150 0.353667
-0.764871 1.116850 0.461598
-0.763895 1.497700 -0.082997
-0.754801 1.618550 -0.327796
-0.285733 0.828247 0.462702
-0.862819 1.007970 0.028483
0.210880 0.824200 0.504086
-0.801892 1.431280 -0.023006
0.084410 1.244070 -0.087857
0.147552 0.825883 0.529115
-0.619950 1.611690 -0.326540
-0.807571 1.525000 0.307996
-0.029595 1.302720 0.027970
-0.153619 0.884791 0.565599
-0.089973 0.878977 0.570287
-0.029961 0.880658 0.568489
0.030146 0.885291 0.562756
0.083427 0.873808 0.555541
-0.089748 0.941651 -0.338408
0.314278 1.167300 0.250113
-0.760602 1.553370 0.093949
0.257808 1.167760 -0.072891
-0.646577 0.882843 0.447113
-0.589960 0.882997 0.449149
-0.529958 0.883132 0.451395
-0.465421 0.881579 0.443187
-0.404961 0.876863 0.430941
-0.331792 0.885648 0.436600
-0.280482 0.879652 0.463630
0.150626 0.881784 0.517745
0.205955 0.871130 0.492325
-0.702712 0.823874 0.409431
-0.296926 0.896882 -0.286839
-0.236137 1.792420 -0.115629
-0.809391 1.000290 0.323433
-0.928336 1.306830 0.207107
-0.761771 1.562010 -0.204165
0.146577 1.293960 0.084358
0.104845 0.897660 0.542005
-0.725790 1.612530 -0.389447
-0.322741 1.103910 -0.184574
-0.550172 1.501080 0.277920
-0.716350 0.883254 0.414652
-0.424904 0.895336 0.426086
0.207945 0.897491 0.484315
0.273189 1.188450 -0.026566
0.285218 1.211120 0.162366
-0.089974 0.930598 0.559298
-0.029118 1.187270 -0.144021
-0.885191 1.132330 0.327948
-0.713744 0.938304 0.415269
-0.641029 0.935514 0.439488
-0.584965 0.944146 0.446213
-0.515853 0.939836 0.442383
-0.465591 0.937901 0.436103
-0.414914 0.942416 0.425268
-0.377723 0.933327 0.434889
-0.332864 0.945766 0.443868
-0.263807 0.943180 0.450568
-0.141606 0.929618 0.553898
-0.031964 0.930898 0.557853
0.015036 0.931879 0.551544
0.036762 0.950752 0.535295
0.091574 0.941794 0.519212
0.216553 0.937794 0.473202
-0.702968 1.744810 -0.458880
-0.305889 1.688990 -0.070236
-0.528191 1.626490 0.029671
-0.890968 0.940104 0.208024
-0.626249 1.731120 -0.586131
-0.443835 1.059230 -0.201903
-0.664958 0.951776 0.424531
-0.324384 1.264150 0.146752
-0.152469 0.961657 0.518098
-0.097537 0.960506 0.535818
-0.030460 0.963367 0.537791
0.164200 0.957081 0.480381
-0.876548 1.051910 0.148253
-0.699417 0.763232 0.381496
0.358078 0.958594 -0.120328
0.374966 1.001540 0.312490
-0.530195 1.500590 0.207323
-0.905911 1.317650 0.328667
-0.709717 1.473090 -0.268389
-0.443321 0.935075 -0.222668
-0.400911 1.286180 0.090950
-0.710054 1.002750 0.398128
-0.653063 1.001240 0.417262
-0.589969 0.980495 0.430328
-0.529938 0.980631 0.432952
-0.469951 0.980659 0.432350
-0.408476 1.004010 0.414668
-0.323344 0.988071 0.435216
-0.259464 0.998425 0.438947
-0.212066 0.999849 0.444194
0.074959 0.983500 0.488255
0.090271 1.011090 0.469975
0.153076 1.000080 0.472449
0.208175 1.000670 0.453866
-0.648326 1.315090 -0.083867
-0.740297 1.508320 -0.323367
-0.932444 1.248850 0.268410
-0.633239 1.690930 -0.610358
-0.771158 1.624880 -0.202679
-0.585669 0.647555 0.323611
0.377689 1.103830 0.096906
-0.503559 0.935892 -0.218956
-0.589961 1.015430 0.424370
-0.516647 1.019810 0.417488
-0.469248 1.013250 0.421166
-0.352173 1.019650 0.413638
0.028501 1.009350 0.464433
-0.754790 1.503120 -0.143808
-0.789360 1.081260 -0.052546
-0.251472 1.689810 -0.187156
-0.714570 1.136920 0.499983
-0.747771 0.997536 0.377868
-0.902919 1.372120 0.146286
-0.264568 1.058830 0.411765
-0.209966 1.044000 0.429589
-0.145208 1.055970 0.430511
-0.089932 1.062200 0.435541
-0.028953 1.058820 0.438861
0.024523 1.056210 0.429868
0.094561 1.049030 0.439002
0.149913 1.047690 0.443348
-0.772186 1.061390 0.350601
-0.708601 1.069450 0.381598
-0.652985 1.065770 0.390805
-0.583896 1.056230 0.405326
-0.529341 1.064450 0.398435
-0.461638 1.057970 0.404843
-0.400204 1.067890 0.388993
-0.331100 1.063220 0.394461
0.193026 1.047700 0.431964
-0.501412 1.377400 0.028674
0.266104 1.059110 0.384052
0.438719 0.884390 -0.031027
-0.590381 1.132030 0.362299
-0.214990 1.078510 0.414162
-0.164951 1.078810 0.420289
0.045052 1.079180 0.419336
0.085623 1.082290 0.410531
0.149994 1.077900 0.412845
0.213049 1.060410 0.409433
-0.336665 1.678430 -0.033827
-0.587789 1.317050 -0.067100
-0.443517 1.003060 -0.215281
-0.147306 1.796040 -0.266222
0.159582 1.081770 -0.177822
-0.638447 1.381190 -0.073301
-0.330953 1.678610 -0.155539
-0.643684 1.253590 -0.087615
-0.325830 1.619920 -0.142418
-0.685680 1.103920 0.392194
-0.643494 1.121950 0.388907
-0.593722 1.120820 0.373875
-0.529986 1.104720 0.373551
-0.468613 1.102800 0.378862
-0.409840 1.104960 0.370883
-0.320055 1.104680 0.370438
-0.074871 1.107170 0.426490
-0.044922 1.107140 0.426582
0.250033 1.106110 0.368459
0.259190 0.995286 -0.189206
-0.697300 1.121530 0.457184
-0.456040 1.488340 -0.032992
-0.653006 0.947889 -0.177657
-0.906677 1.331800 0.277848
-0.331508 0.944740 -0.237799
-0.575764 0.941613 -0.208023
-0.200586 0.397198 0.532237
-0.203685 0.352888 0.511840
-0.764163 1.259470 -0.074514
-0.205906 1.675510 -0.139677
0.258580 1.168510 0.315289
-0.139279 1.671910 -0.210440
-0.587481 1.498020 -0.013389
0.144191 0.395247 0.443396
0.332953 1.054730 0.329627
-0.647461 1.143130 -0.115219
-0.520818 0.353771 0.449331
-0.150040 0.392095 0.513548
-0.094925 0.384962 0.495540
-0.638496 1.176310 0.454477
-0.573025 1.368640 0.331620
0.189101 0.400942 0.428502
-0.508192 1.243930 0.332635
-0.182623 1.808850 -0.177430
-0.651271 1.503430 -0.325707
0.332966 0.936886 0.400216
-0.463011 1.494930 0.083300
0.026077 0.354887 0.450013
-0.780807 1.097100 0.423535
-0.542262 1.247560 0.369858
-0.402584 0.361447 0.436625
-0.031748 0.942874 -0.331049
-0.151032 1.797160 -0.207621
0.261410 0.403246 0.327265
-0.640247 1.113760 -0.136272
0.278170 1.123090 0.339118
-0.586332 1.427740 0.334953
-0.146622 1.675010 -0.154455
-0.270893 1.672980 -0.086640
0.152056 0.458130 0.442638
0.190988 0.442996 0.429000
0.215694 0.456112 0.412090
0.257452 0.459137 0.381185
0.387365 0.944447 0.327088
0.287308 0.456722 0.347466
-0.151805 1.738090 -0.213305
-0.658903 1.182530 0.498126
-0.628345 0.932060 -0.188544
-0.643065 1.424510 0.394123
-0.400790 1.502830 0.028095
-0.268510 1.732680 -0.098385
-0.207913 1.737670 -0.147826
-0.582334 1.242380 0.403406
-0.683337 1.315450 0.479709
-0.693547 1.063700 -0.128030
-0.428668 1.576270 0.050419
-0.476449 1.303680 0.258834
0.379451 0.817167 -0.141547
0.312298 0.470286 0.324465
-0.662284 1.381490 0.428960
-0.644094 1.055750 -0.158634
0.411271 0.443713 0.285474
-0.830031 0.762361 0.150296
-0.660167 1.234880 0.501643
-0.416352 1.553290 0.063644
-0.388456 1.559940 0.047721
-0.551732 1.165380 0.359195
-0.600069 1.340820 0.369434
0.452816 0.453284 0.263124
0.513161 0.463154 0.204963
-0.106687 1.728470 -0.215627
-0.147735 1.841900 -0.259341
0.301064 1.067760 0.358091
-0.637090 1.251220 0.457451
0.473431 0.499217 0.295077
0.497106 0.482066 0.259506
0.518484 0.518415 0.267161
-0.162732 1.729380 -0.174582
0.355097 1.073040 0.291151
-0.552656 1.430770 0.300537
-0.637191 1.364820 0.388176
-0.199086 1.610720 -0.086332
-0.209172 1.792820 -0.148523
0.145110 0.513519 0.474271
-0.610259 1.269120 0.416133
0.539905 0.494141 0.219114
0.092592 1.188650 -0.148674
-0.268384 1.620910 -0.083670
-0.367024 1.631980 -0.010707
-0.336432 1.559480 0.018896
-0.280966 1.595870 0.004831
-0.264910 1.616300 -0.032176
0.206613 0.528733 0.451655
0.231576 0.513069 0.414753
0.266044 0.526516 0.398530
0.309772 0.527823 0.371348
0.239371 1.034240 0.418106
0.568895 0.527484 0.209204
-0.664209 1.132900 0.441331
-0.326789 1.623840 -0.024376
0.145199 0.932586 -0.263630
-0.543983 1.191860 0.365781
-0.564272 1.323760 0.357966
-0.501636 1.429110 0.023090
-0.437140 1.477070 0.038501
-0.291346 1.771710 -0.053418
0.357304 1.003630 -0.111604
0.133943 0.541536 0.499521
0.551089 0.545007 0.253961
0.291033 0.572886 0.407089
0.585723 0.583402 0.214893
-0.740322 0.656952 0.144875
-0.749844 1.793050 -0.518221
0.145778 0.585769 0.501691
0.214876 0.583320 0.470549
0.259507 0.590004 0.437762
0.328330 0.585633 0.387158
0.358218 0.578374 0.350365
0.360585 0.951301 0.364902
-0.886806 1.182830 0.459142
0.562736 0.586365 0.253398
0.303311 0.951295 0.419589
-0.222315 1.673890 -0.110472
-0.543257 1.365770 0.307959
-0.500074 1.504470 0.117579
-0.616289 1.374060 0.354744
-0.319367 1.595070 0.019175
-0.634458 1.321480 0.406867
0.368678 0.921989 0.367449
-0.728433 1.561370 -0.339112
0.389872 0.640689 0.330299
-0.636611 1.488000 -0.205996
0.153938 0.648444 0.513036
0.213958 0.645506 0.473078
0.265105 0.649235 0.439721
0.302364 0.650657 0.415975
0.331295 0.642221 0.397381
0.367885 0.650270 0.366867
0.563131 0.650782 0.252208
0.591364 0.644742 0.211357
-0.110683 1.670980 -0.167807
-0.605202 1.462050 0.366666
0.194528 0.665736 0.491642
-0.286777 1.581320 0.005088
0.253025 0.989569 0.434277
-0.349979 1.521580 0.000821
0.146650 0.706270 0.528306
0.202908 0.710410 0.498828
0.230702 0.702991 0.473835
0.263693 0.706238 0.441789
0.328306 0.707606 0.401362
0.368832 0.706720 0.365953
0.398878 0.705632 0.325808
0.579544 0.694794 0.198345
-0.641704 0.637240 0.268682
-0.919499 1.142160 0.149265
0.351624 0.819076 -0.172502
-0.862408 1.192710 -0.011753
-0.294401 1.749580 -0.057998
-0.175288 1.654180 -0.114925
-0.617869 1.177890 0.409144
0.301891 0.723658 0.418804
-0.822099 1.494860 0.028804
-0.760271 1.757040 -0.506937
-0.652343 0.614738 0.211346
-0.266574 1.103940 -0.190070
-0.813538 0.779161 0.268055
0.214170 1.187230 -0.089357
0.149346 0.759297 0.536191
0.209886 0.761609 0.506055
0.268396 0.762089 0.459193
0.336785 0.760737 0.405166
0.373422 0.760306 0.366776
0.400324 0.763062 0.328345
0.419048 0.768760 0.296092
0.438094 0.763805 0.258638
-0.452412 1.184720 -0.142046
0.456773 0.768089 0.208187
-0.501650 1.377140 0.207618
-0.032705 1.115630 -0.203549
-0.483236 1.451110 0.075783
0.310833 0.775315 0.432282
-0.468550 1.452220 0.028843
-0.141716 1.054100 -0.225802
0.470348 0.753979 0.148736
-0.611433 1.405420 0.356184
0.272779 0.823714 0.459243
0.309212 0.825500 0.430252
0.343037 0.825412 0.402907
0.370354 0.824663 0.369099
-0.799946 1.479890 -0.008353
-0.774435 0.690153 0.096198
0.404363 0.826995 0.326021
0.417479 0.827335 0.302524
0.436887 0.825508 0.263844
0.454407 0.825465 0.207137
-0.822812 1.162950 0.482855
-0.844726 0.947391 -0.034519
-0.202710 1.680030 -0.193935
-0.742716 0.668501 0.190414
0.267470 0.882417 0.458314
0.308722 0.882572 0.430146
0.344922 0.883047 0.403697
0.372481 0.881263 0.366393
0.399270 0.880940 0.326668
0.419027 0.877782 0.290815
0.026474 1.123020 -0.198710
-0.703315 1.455000 -0.205576
-0.749446 1.378790 -0.065331
-0.266967 1.142990 -0.159903
-0.869924 1.135180 0.041041
-0.142186 1.740130 -0.259807
-0.221564 1.578520 -0.086165
-0.115870 1.641290 -0.163045
-0.099738 1.693380 -0.247765
-0.828750 1.434050 0.018669
0.203757 0.354405 -0.028717
0.191274 0.363337 -0.091771
0.184456 0.363880 -0.134790
0.149535 0.347732 -0.154937
0.221204 0.372026 0.342324
0.392710 0.382866 0.085471
0.397549 0.398545 0.026140
0.221892 0.380614 -0.044636
0.179901 0.369066 -0.161835
0.154148 0.392444 -0.212861
0.208023 1.001180 -0.213392
0.446004 0.409064 0.092740
0.435625 0.411355 0.042704
0.381381 0.411139 -0.014791
-0.478807 1.352070 0.088578
0.217274 0.404287 -0.096443
0.206744 0.405956 -0.144437
0.192578 0.411681 -0.195074
-0.885736 1.129130 0.395856
-0.267930 1.064570 -0.218501
0.481487 0.428585 0.145594
0.521212 0.461655 0.089655
0.480438 0.430647 0.072458
0.460936 0.434131 0.028436
0.285003 1.004850 -0.168103
0.269462 0.395833 -0.033458
-0.907856 1.178380 0.064733
-0.627210 1.675670 -0.470628
-0.799532 1.068130 0.316838
0.527437 0.462125 0.139554
0.504533 0.466263 0.026451
-0.322581 1.173240 -0.133273
0.272475 0.455966 -0.092707
-0.146455 0.942084 -0.337341
-0.411545 1.672200 -0.108180
-0.721385 1.561120 -0.384102
0.456803 0.474217 -0.031119
0.239407 0.433254 -0.096984
0.210840 0.462585 -0.205303
-0.348527 0.351549 -0.307351
-0.699867 0.663066 0.259153
-0.747071 1.498910 -0.201453
-0.845448 1.372500 0.007432
0.549514 0.484178 0.163982
0.264565 0.466261 -0.141039
0.225276 0.444655 -0.157683
0.330538 0.938135 -0.160538
0.526476 0.694992 0.029731
0.528544 0.581339 -0.027797
-0.571464 0.671799 0.361705
-0.651544 1.571670 -0.515491
-0.493189 1.336820 0.011987
-0.329620 1.059500 -0.206729
-0.649538 1.556560 -0.456310
-0.390456 1.504450 -0.035454
0.574365 0.516180 0.145183
0.574129 0.522531 0.090338
0.536112 0.500965 0.020417
0.512204 0.520121 -0.021835
0.471226 0.515811 -0.048130
0.334430 0.475760 -0.063817
0.028093 1.182970 -0.158208
-0.147841 1.012500 -0.238408
-0.620037 1.674220 -0.527165
0.559147 0.528382 0.033968
0.334801 0.518506 -0.082529
0.287814 0.501171 -0.157926
0.256197 0.485542 -0.190548
-0.086354 1.184060 -0.146114
-0.148322 1.176750 -0.147010
-0.615138 1.457120 -0.048128
0.232531 1.208300 -0.045619
-0.401535 0.342718 -0.275149
0.302657 0.496868 -0.107289
0.320066 1.113340 -0.073741
-0.211003 1.204170 -0.102482
-0.204991 1.171250 -0.140803
-0.091026 0.383602 -0.257760
-0.525144 1.122900 -0.171034
0.202353 1.237130 -0.024709
-0.701749 0.347541 -0.017891
-0.034027 1.148440 -0.176928
0.310248 0.537130 -0.140522
0.268191 0.528482 -0.203390
-0.147458 1.206730 -0.105853
0.270905 1.062140 -0.146756
0.465541 0.697991 0.022850
-0.030012 1.006760 -0.235814
-0.755874 0.762120 0.334680
0.597380 0.572998 0.151736
0.595394 0.578717 0.086167
0.572091 0.580526 0.025351
-0.142907 1.231470 -0.074674
0.211831 1.123030 -0.140834
0.347455 0.565046 -0.107140
0.249138 0.825163 -0.245877
-0.382227 1.145210 -0.161780
-0.819485 0.761672 0.208322
-0.269557 0.392251 -0.293943
0.377037 0.593401 -0.085201
0.330295 0.586306 -0.147290
0.218121 0.515865 -0.236492
-0.204953 0.935908 -0.331675
-0.872217 1.135210 0.440666
-0.271537 0.351608 0.509267
-0.503825 1.063020 -0.194598
0.266611 0.585067 -0.219134
0.097502 0.945932 -0.280451
-0.205524 1.223910 -0.075474
-0.668021 0.909191 -0.174744
-0.856155 0.942099 -0.010909
-0.915274 1.144400 0.204492
-0.909048 1.317010 0.080916
0.404851 0.578886 -0.051698
0.295964 0.580473 -0.178274
0.266986 0.941359 -0.205949
-0.677104 1.728690 -0.572602
0.142001 1.180430 -0.139170
-0.698171 0.699687 0.326375
0.607097 0.648802 0.151632
0.609346 0.630505 0.131585
0.602205 0.643718 0.086414
0.574055 0.638877 0.027157
-0.797793 1.038580 -0.066002
-0.563867 1.373590 -0.042200
0.344512 0.638263 -0.152012
0.307139 0.605317 -0.184589
0.185684 1.217890 -0.072562
-0.456617 1.124140 -0.169658
0.456177 0.644845 -0.016217
-0.584268 0.349015 0.441202
-0.747982 0.723674 0.308514
-0.699373 0.621854 0.151778
-0.528890 1.365190 -0.017082
0.410205 0.644886 -0.047673
0.388712 0.646166 -0.097680
0.514871 0.637279 -0.017479
-0.787297 0.744551 0.267421
-0.850281 1.442690 0.061808
0.313094 0.644870 -0.188936
0.267274 0.646171 -0.220842
0.318737 0.877439 -0.192705
-0.772455 1.439950 -0.047094
0.132576 1.104430 -0.183541
-0.028934 1.247230 -0.086303
-0.342868 0.385820 0.485461
0.200397 0.876233 -0.261205
0.585453 0.705354 0.146976
0.581405 0.699819 0.085620
0.560990 0.694360 0.042436
0.370479 0.665186 -0.132637
-0.625610 1.729710 -0.616721
-0.702718 1.549400 -0.455472
-0.916259 1.304990 0.093048
-0.700210 1.482290 -0.328231
-0.721274 0.680183 0.267753
-0.745337 1.506700 -0.264303
0.431087 0.713461 -0.027640
0.421659 0.692525 -0.046611
0.345404 0.699378 -0.160391
-0.342368 1.229120 -0.070858
0.401518 0.709320 -0.095113
0.370706 0.707408 -0.133010
0.310856 0.702175 -0.192905
0.283004 0.705453 -0.222447
-0.085902 1.016990 -0.237897
-0.328234 0.400139 -0.298750
-0.830588 1.104700 0.397334
0.142724 1.232370 -0.080649
-0.760443 1.086370 0.389078
-0.732762 1.549390 -0.321392
0.160324 0.889232 -0.282477
-0.901677 1.313610 0.394374
0.455828 0.768365 0.027018
-0.516717 0.553965 0.149060
-0.376545 1.210020 -0.109724
0.466318 0.762885 0.091063
0.437303 0.769241 -0.029556
0.405043 0.766784 -0.084913
0.369463 0.762836 -0.128837
0.349351 0.766648 -0.155944
0.319237 0.763904 -0.194186
0.285208 0.758075 -0.225233
-0.646857 0.688090 0.348219
-0.033557 0.986136 -0.269283
-0.383606 1.001120 -0.217661
-0.705433 1.498970 -0.387319
-0.247871 1.792150 -0.188356
0.033906 0.937023 -0.318365
-0.909900 1.426890 0.226645
-0.851088 1.021150 0.003911
0.029920 1.247070 -0.086478
-0.649459 1.673360 -0.329944
0.459750 0.827243 0.146716
0.461931 0.827376 0.086791
0.453461 0.826602 0.026981
0.325940 0.822310 -0.190597
-0.707752 1.420110 -0.090114
-0.396694 0.452390 -0.210351
-0.736488 1.457870 -0.131048
-0.661855 1.779000 -0.529018
-0.698006 1.792270 -0.517285
-0.719677 1.778480 -0.474604
-0.131817 0.974247 0.509808
-0.760529 1.776510 -0.471457
-0.875274 1.494510 0.093748
-0.847504 1.495360 0.065237
-0.853843 0.980412 -0.005542
-0.701620 1.729450 -0.393132
-0.669053 1.713600 -0.404187
-0.915765 1.146440 0.108349
0.311175 1.163450 -0.014206
-0.903900 1.440740 0.142555
0.533752 0.724173 0.080577
0.348115 1.136360 0.028997
0.321047 1.171280 0.037367
-0.558554 1.601300 0.022631
0.284127 1.200500 0.026609
-0.693417 1.515260 -0.443255
0.509143 0.733396 0.112131
0.485286 0.726358 0.085673
0.251471 1.225170 0.025490
-0.684168 1.701570 -0.319531
-0.710280 1.712740 -0.325886
-0.765634 1.557570 -0.087476
0.525206 0.734678 0.148876
0.355210 1.134540 0.090880
0.208324 1.256270 0.032796
-0.476722 1.343480 0.194434
-0.746083 1.712290 -0.326516
0.322027 1.176160 0.093642
0.162523 1.275880 0.013273
-0.914669 1.428050 0.167223
0.290775 1.204740 0.068689
0.135909 1.291400 0.033655
-0.861635 1.004580 0.257190
-0.653051 1.659450 -0.269849
-0.698492 1.688900 -0.268648
-0.782700 1.674730 -0.324960
0.215557 0.945234 -0.226594
0.260612 1.230820 0.087377
0.092034 1.300810 0.024825
-0.709934 1.705170 -0.295248
-0.760202 1.679380 -0.272636
0.525229 0.716654 0.211203
0.207167 1.265660 0.092215
-0.746025 0.998033 -0.126456
-0.864333 0.890874 0.257055
0.354941 1.134350 0.150848
0.320737 1.176980 0.146262
0.029475 1.307140 0.029244
-0.256391 0.823957 0.519489
-0.666258 1.654160 -0.221631
-0.804177 1.530920 0.048868
-0.645623 0.350017 0.151892
-0.627936 0.352479 0.201200
-0.642932 0.349381 0.264604
-0.642421 0.397497 0.267659
-0.652419 0.352202 0.324357
-0.643200 0.352261 0.387914
-0.869014 0.944088 0.260869
-0.263760 1.004030 -0.237519
-0.704394 0.348288 0.088869
-0.696375 0.396730 0.091864
-0.678064 0.357280 0.133620
-0.778433 0.819732 0.354617
-0.809318 0.827942 0.325000
-0.712316 0.389740 0.027564
-0.616101 0.379618 0.219344
-0.653778 0.407054 0.323415
-0.612949 0.401080 0.438783
-0.748891 0.826916 0.381154
-0.841641 1.337690 0.486564
-0.849106 0.945271 0.290479
-0.829940 1.447120 0.404065
-0.265479 1.176190 -0.132781
-0.679678 0.383221 0.123903
-0.639259 0.401146 0.151101
-0.588527 0.407802 0.202136
-0.869621 1.355890 0.440584
-0.388270 0.398484 0.425640
-0.253238 0.773437 0.501603
0.086486 1.118780 -0.192252
-0.625014 0.442400 0.388616
-0.884930 1.252580 0.461673
0.150785 1.010700 -0.220372
-0.810533 0.876325 0.334622
-0.636602 0.439221 0.322355
-0.823757 1.258500 -0.045955
-0.374554 0.428730 0.429512
-0.313280 0.432863 0.501185
-0.841802 0.875016 0.285815
-0.690099 0.427216 0.029809
-0.690323 0.427133 0.073912
-0.642007 0.449178 0.089516
-0.630005 0.427497 0.133004
-0.580777 0.444032 0.143596
-0.874760 1.307120 0.458544
-0.837712 0.999337 0.293390
-0.837190 0.822846 0.270932
-0.209183 0.934772 0.512134
-0.868983 1.426510 0.383505
-0.588984 0.467651 0.098996
-0.529144 0.464475 0.158024
-0.881654 0.882094 0.209192
-0.494075 1.659010 0.007317
-0.586114 0.473978 0.337061
-0.561400 0.517476 0.083519
-0.865231 1.480730 0.321271
-0.308497 0.493297 0.429654
-0.769102 1.149940 0.501188
-0.209065 0.959579 0.474195
-0.509947 0.509637 0.150799
0.084241 0.889657 -0.320537
-0.240561 0.544386 0.416973
-0.510392 0.524223 0.203213
-0.526208 0.518271 0.270210
-0.504022 0.591186 0.326891
-0.478821 0.590694 0.363134
-0.239128 0.586553 0.421308
-0.759314 1.192280 -0.069701
-0.183181 0.604564 0.506182
-0.298441 0.972531 -0.235715
-0.241926 0.628773 0.422936
-0.223998 0.646700 0.459790
-0.192899 0.641483 0.503928
-0.260109 1.729250 -0.191453
-0.265331 1.615740 -0.144318
-0.558556 1.557200 -0.012102
-0.599028 1.364660 -0.064456
-0.635380 0.716650 0.379463
-0.200417 0.869862 -0.378876
-0.557176 1.057450 -0.186241
-0.530691 1.439140 -0.010090
-0.256688 0.704637 0.438935
-0.235577 0.693774 0.470203
-0.525759 1.272470 -0.052152
-0.787859 1.318580 -0.054591
-0.580212 1.200880 -0.102747
-0.396294 1.104410 -0.186258
-0.210282 1.731130 -0.214922
-0.547593 0.563289 0.107147
-0.435534 0.345758 -0.247520
-0.449833 0.346921 -0.207483
-0.443576 0.390403 -0.217491
-0.462855 0.345037 -0.153112
-0.466190 0.396457 -0.141457
-0.090492 0.343826 -0.246429
0.031175 1.003030 -0.227929
-0.690809 0.392217 -0.018172
-0.920289 1.310410 0.262349
-0.434140 0.372487 -0.253064
0.280974 0.818294 -0.220931
-0.677020 1.694460 -0.560134
-0.915377 1.296740 0.312365
-0.663086 0.411162 -0.044315
-0.731255 1.519350 -0.368879
-0.390145 0.394889 -0.275980
-0.637372 0.437827 -0.026453
-0.605427 0.425565 0.246975
-0.857603 1.307630 -0.007145
-0.520472 0.403573 -0.107411
-0.568522 0.434504 0.224413
-0.432390 0.429342 -0.193166
-0.438787 0.441322 -0.144222
-0.457505 0.464860 -0.105694
-0.645938 0.456897 0.031308
-0.525978 0.464843 0.207116
-0.572578 0.459489 0.268870
-0.618962 0.443648 0.286813
-0.331467 0.453179 -0.267282
-0.377669 0.443547 -0.252099
-0.320922 1.144250 -0.162304
-0.578027 0.470669 -0.032674
-0.914954 1.479940 0.205137
-0.400067 0.471536 -0.151042
0.045490 1.218690 -0.124797
0.151282 1.127080 -0.165496
-0.525787 0.463291 -0.077544
-0.599276 0.475112 0.026712
-0.726458 1.471260 -0.218625
-0.740924 1.686860 -0.440312
-0.574940 0.515426 0.031941
-0.536918 0.483048 0.264945
-0.147156 1.144530 -0.172255
-0.335191 0.480424 -0.212460
0.194610 0.924333 -0.244344
0.169402 0.952065 -0.238278
0.201047 1.041560 -0.188197
-0.319642 0.516657 -0.152509
-0.368448 0.488256 -0.131071
-0.391265 0.518909 -0.109467
-0.089222 1.115760 -0.202733
-0.515659 0.515158 -0.075139
-0.557028 0.529400 -0.026860
-0.293421 0.526398 -0.213991
-0.314453 0.496351 -0.193539
0.322381 1.040900 -0.128482
-0.261025 0.525801 -0.264669
-0.583031 1.167330 -0.130038
-0.148510 1.115990 -0.191484
-0.521348 1.181890 -0.137451
-0.517493 0.582798 -0.089695
-0.561982 0.582462 -0.031064
-0.587989 0.586119 0.027673
-0.585564 0.578416 0.085760
0.190260 1.161400 -0.131686
-0.211893 1.116620 -0.190883
-0.239176 0.561149 -0.300570
-0.272603 0.585480 -0.274780
-0.295766 0.582799 -0.217551
-0.320928 0.589382 -0.147618
0.073938 1.217890 -0.126555
-0.251946 0.595227 -0.308632
-0.307167 0.601300 -0.194181
-0.650113 0.632174 -0.029310
-0.696479 0.657510 -0.019810
-0.699926 0.635013 0.037411
-0.799435 0.724812 0.191514
-0.676844 1.609220 -0.559942
-0.215435 0.636559 -0.350431
-0.258325 0.648252 -0.322087
-0.289820 0.636438 -0.274997
-0.304226 0.629368 -0.224261
-0.319042 0.651819 -0.201942
-0.332741 0.636337 -0.160032
-0.205547 0.341110 -0.264010
-0.743367 0.658286 0.083313
0.161030 1.207450 -0.103843
-0.770212 0.700544 0.031663
-0.748219 0.669300 0.045134
-0.306317 0.657524 -0.254530
-0.711433 0.687078 -0.039029
-0.762625 0.716316 -0.029592
-0.802204 0.713935 0.099127
-0.913413 1.481430 0.161458
-0.273736 0.700052 -0.335323
-0.300274 0.692073 -0.289677
-0.316277 0.711218 -0.266514
-0.330629 0.699765 -0.212743
-0.353642 0.705896 -0.177097
-0.587004 0.391044 -0.090027
-0.697696 0.703857 -0.080867
-0.804832 0.726462 0.047247
0.151616 1.261040 -0.026639
-0.745721 0.728830 -0.075707
-0.823908 0.762770 0.027012
-0.912831 1.336980 0.142161
0.037105 0.968817 -0.280931
-0.761392 0.766258 -0.085949
-0.784749 0.748827 -0.052362
-0.806781 0.771902 -0.029080
-0.834622 0.765209 0.092711
0.098383 1.140200 -0.178612
0.021065 0.981565 -0.261244
-0.285085 0.757575 -0.348118
-0.330874 0.761249 -0.270661
-0.346568 0.757906 -0.215029
0.231104 0.892807 -0.240236
-0.312132 0.771357 -0.320416
-0.700425 0.763633 -0.141464
-0.861137 0.814707 0.090814
-0.863190 0.815200 0.149936
-0.208042 0.963182 -0.270563
-0.211078 1.143910 -0.171285
-0.746162 0.828529 -0.139325
-0.772950 0.812160 -0.100568
-0.800127 0.821605 -0.072224
-0.826334 0.820868 -0.032462
-0.844667 0.817669 0.024957
-0.860445 0.832591 0.203255
-0.848160 0.816746 0.219849
0.545549 0.661692 0.007656
-0.331604 0.828369 -0.270493
-0.358028 0.829047 -0.227723
-0.861942 0.842505 0.029856
-0.287072 0.827267 -0.349537
-0.311601 0.822387 -0.315627
-0.854030 1.418650 0.051665
-0.785169 0.885628 -0.107607
-0.807046 0.887676 -0.082658
-0.843972 0.878743 -0.034992
-0.855708 0.882073 -0.010995
-0.876157 0.881286 0.036918
-0.885339 0.876942 0.089716
-0.885791 0.877213 0.149616
-0.643854 0.348576 -0.077509
-0.512932 0.342270 -0.129013
-0.266839 0.458556 -0.272740
-0.146368 0.981541 -0.264318
-0.213468 1.007700 -0.239588
0.209320 0.825954 -0.267347
0.075923 0.928541 -0.309237
-0.144478 0.879274 -0.380297
-0.085972 1.145100 -0.173132
0.264818 1.099350 -0.126182
-0.145855 0.385179 -0.267991
-0.330054 0.337044 -0.272991
-0.267872 0.340475 -0.271901
-0.084916 0.985859 -0.270535
-0.110954 1.208240 -0.120135
0.367379 0.925992 -0.129888
-0.571635 0.435755 -0.071761
-0.193328 0.979251 -0.247920
-0.203798 0.385467 -0.283088
-0.587681 0.337133 -0.087189
-0.517919 1.006550 -0.213258
0.070263 0.978418 -0.246055
-0.148892 1.260680 -0.025213
0.307578 0.924460 -0.188519
0.211049 0.578126 -0.266116
-0.169237 0.970481 -0.278718
0.460004 0.581866 -0.050859
-0.094433 0.822271 -0.381067
-0.635881 0.392124 -0.071777
0.086423 0.386371 -0.233053
0.252935 0.769557 -0.248407
-0.229653 0.895159 -0.361990
-0.523791 0.341193 -0.099465
0.211693 0.643935 -0.268578
-0.515867 1.316400 -0.028092
-0.149669 0.345529 -0.254273
-0.161167 1.272880 0.016929
-0.469232 1.285150 -0.016397
-0.096138 1.271580 -0.037881
-0.074566 1.285620 -0.013075
-0.030449 1.289090 -0.017486
0.028379 1.290220 -0.019472
0.090336 1.286740 -0.016501
-0.561607 1.315880 -0.057143
-0.457551 1.271670 -0.048496
-0.030475 1.276780 -0.045600
0.030381 1.276800 -0.044200
0.101526 1.268120 -0.046646
-0.553259 1.268360 -0.060131
0.079947 0.348460 -0.206913
0.027179 0.342191 -0.204737
-0.029580 0.342418 -0.216222
0.134674 0.353221 -0.196961
0.044096 0.383063 -0.240776
0.014075 0.383474 -0.246147
-0.030918 0.383877 -0.251866
-0.575023 1.006610 -0.195211
-0.485739 1.531600 -0.054728
-0.646573 0.334831 -0.029601
-0.640796 1.004260 -0.173936
-0.704415 1.001390 -0.146037
-0.326376 1.558060 -0.094988
0.336094 0.373624 0.027341
0.320943 0.397885 -0.019514
0.158502 0.449602 -0.237212
0.088947 0.426449 -0.242659
0.031250 0.452721 -0.265880
-0.029834 0.446860 -0.272222
-0.091235 0.448524 -0.280671
-0.145351 0.443266 -0.277771
-0.209223 0.460913 -0.281918
0.340520 0.448434 -0.054011
-0.312646 1.582570 -0.122300
0.401509 0.448981 -0.035459
0.143253 0.473484 -0.251513
0.093789 0.466526 -0.261685
-0.766531 0.695423 0.207982
0.087246 0.517916 -0.291615
0.029937 0.506927 -0.298557
-0.016457 0.489436 -0.304144
-0.032140 0.522596 -0.314075
-0.091534 0.509217 -0.318681
-0.146018 0.513752 -0.319045
-0.161558 0.488543 -0.303763
-0.205843 0.508011 -0.296435
0.405252 0.518855 -0.065445
0.149309 0.520772 -0.273859
0.418840 0.490868 -0.060437
0.199620 0.529908 -0.261219
-0.198501 0.534234 -0.312267
-0.336273 0.527187 -0.106243
-0.461112 0.529158 -0.101664
-0.204000 1.618750 -0.146580
0.449924 0.530898 -0.061489
0.073368 0.546532 -0.305038
0.028357 0.546532 -0.307468
-0.030225 0.577000 -0.331477
-0.091467 0.576676 -0.341165
-0.151700 0.581990 -0.349877
-0.202707 0.581031 -0.333681
0.140844 0.579650 -0.289830
0.103301 0.588553 -0.299472
0.073282 0.588898 -0.306117
0.027369 0.590151 -0.321928
-0.337187 0.579742 -0.115824
-0.390711 0.582467 -0.115033
-0.460474 0.579124 -0.115174
-0.096144 0.642168 -0.358564
-0.441570 0.599825 -0.123877
0.152510 0.645803 -0.295670
0.083929 0.649214 -0.316957
0.032586 0.643529 -0.332439
-0.036126 0.645861 -0.349070
-0.144709 0.650060 -0.371603
-0.366623 0.606790 -0.122791
-0.526404 0.636402 -0.101297
-0.381866 0.648919 -0.142073
-0.452495 0.647856 -0.139819
-0.599262 0.622966 -0.042928
-0.778641 1.174630 -0.057678
-0.187447 0.664151 -0.374779
-0.577616 0.644884 -0.077910
-0.625778 0.655353 -0.074113
0.251088 0.710945 -0.248604
0.214570 0.702729 -0.273415
0.166747 0.701586 -0.297203
0.132745 0.702643 -0.312074
0.086753 0.703509 -0.324278
0.022964 0.708694 -0.343123
-0.030646 0.703810 -0.353565
-0.077368 0.691749 -0.362051
-0.101988 0.715122 -0.373778
-0.147454 0.704429 -0.382943
-0.203984 0.706516 -0.381580
-0.240967 0.693418 -0.362521
-0.605175 0.673597 -0.108259
-0.387293 0.706355 -0.168457
-0.451347 0.705064 -0.164504
-0.523435 0.697862 -0.145984
-0.591515 0.702891 -0.147203
-0.652515 0.688492 -0.099398
-0.247614 0.719777 -0.368317
-0.637884 0.712697 -0.138535
0.211454 0.769268 -0.268772
0.162128 0.765268 -0.293784
0.133247 0.760196 -0.306715
0.090769 0.760380 -0.330382
0.024509 0.760857 -0.351615
-0.017632 0.762288 -0.360688
-0.047649 0.762860 -0.369742
-0.096299 0.765936 -0.378651
-0.144481 0.764118 -0.385775
-0.214530 0.763574 -0.386680
-0.249770 0.762484 -0.374518
-0.377453 0.766164 -0.189124
-0.397395 0.746623 -0.180255
-0.437423 0.765905 -0.187922
-0.466377 0.744845 -0.173668
-0.518623 0.745812 -0.175084
-0.589866 0.745368 -0.176600
-0.644081 0.756279 -0.167529
-0.721295 0.740256 -0.105719
-0.615233 0.354132 0.438810
-0.524971 0.769872 -0.189536
-0.587482 0.767445 -0.187462
0.131020 0.809953 -0.307917
0.089230 0.820652 -0.325478
0.022917 0.820297 -0.349279
-0.017784 0.804805 -0.364471
-0.037968 0.824193 -0.373280
-0.142988 0.820384 -0.390211
-0.207708 0.823862 -0.387335
-0.248089 0.818968 -0.377031
-0.735819 0.777026 -0.122023
0.154250 0.831288 -0.295207
-0.383994 0.817919 -0.209596
-0.451184 0.815526 -0.204340
-0.518140 0.818472 -0.211348
-0.583689 0.812724 -0.202975
-0.639490 0.827680 -0.188935
-0.662709 0.800650 -0.177832
-0.695594 0.830593 -0.170582
-0.048181 0.868410 -0.367951
-0.248206 0.867524 -0.367639
0.132046 0.871602 -0.305473
-0.360837 0.867076 -0.237910
-0.087784 0.340556 -0.204927
-0.207128 0.342382 -0.208728
-0.147915 0.341096 -0.207616
-0.265767 0.342963 -0.210989
0.028268 0.351053 -0.158136
0.088597 0.344710 -0.147487
-0.390848 0.337228 -0.202617
-0.326656 0.345334 -0.201874
-0.022453 0.351539 -0.166234
-0.149096 0.357313 -0.180956
-0.114808 0.353662 -0.177045
-0.092157 0.380183 -0.149732
-0.028249 0.382292 -0.140636
0.028592 0.377324 -0.134715
0.159109 0.347098 -0.088220
-0.306839 0.366930 -0.184598
-0.265216 0.367471 -0.188177
-0.218341 0.369718 -0.184303
-0.203027 0.382765 -0.152577
-0.152596 0.382328 -0.156428
0.073836 0.366172 -0.125003
0.099236 0.351979 -0.092462
0.070260 0.378387 -0.087902
-0.396958 0.342843 -0.145780
-0.329517 0.382154 -0.146780
-0.263862 0.385778 -0.153644
0.032084 0.389424 -0.095386
-0.364387 0.357946 -0.155844
-0.030153 0.391061 -0.088650
0.083166 0.348156 -0.032196
0.145039 0.343685 -0.028433
-0.365752 0.370276 -0.136534
-0.146234 0.388055 -0.088747
-0.088675 0.389394 -0.089017
-0.451032 0.336721 -0.084867
-0.403130 0.350801 -0.086176
-0.206235 0.386000 -0.087806
0.026788 0.384240 -0.031975
0.150440 0.350517 0.028904
0.201479 0.347806 0.034833
0.271190 0.353514 0.036683
0.280785 0.365531 0.008268
-0.376066 0.375692 -0.094242
-0.332748 0.384549 -0.085569
-0.264541 0.384497 -0.088619
-0.029926 0.389582 -0.029244
0.045141 0.356078 -0.010364
0.088108 0.350428 0.035683
0.314184 0.360255 0.045791
-0.088820 0.387884 -0.029941
0.027179 0.349091 0.033976
-0.411990 0.341471 -0.032764
-0.205479 0.384259 -0.028377
-0.146618 0.385908 -0.028874
0.010353 0.375917 0.009522
0.215747 0.354906 0.086194
0.264794 0.346514 0.087065
0.322391 0.355412 0.088238
-0.521057 0.334794 -0.031821
-0.455078 0.336572 -0.022582
-0.334104 0.383259 -0.029232
-0.265122 0.383343 -0.029650
-0.022485 0.383354 0.032097
-0.589386 0.334143 -0.029130
-0.087404 0.385976 0.029123
0.027346 0.342734 0.088248
0.062194 0.351341 0.065493
-0.800180 1.092790 0.373655
-0.393178 0.336443 0.035410
-0.213111 0.382973 0.033487
-0.146196 0.384265 0.029092
-0.035355 0.379644 0.087475
0.276681 0.349662 0.149532
0.328200 0.359255 0.147037
0.389763 0.383079 0.145025
-0.523961 0.335249 0.032687
-0.462346 0.335696 0.026778
-0.277984 0.382296 0.028613
-0.009470 0.357374 0.103469
0.222276 0.358262 0.160256
0.448051 0.411192 0.150961
-0.581064 0.335040 0.027300
-0.352323 0.337248 0.049143
-0.312985 0.381858 0.016770
-0.088641 0.384700 0.087626
0.028919 0.342894 0.147059
-0.703332 0.340583 0.028672
-0.648245 0.334924 0.030173
-0.387963 0.347630 0.093565
-0.332327 0.337932 0.094361
-0.203456 0.382265 0.083630
-0.152156 0.383161 0.093580
-0.003857 0.351459 0.134171
0.066364 0.342324 0.159688
0.268074 0.356469 0.204126
0.309391 0.362152 0.189937
0.334119 0.376179 0.210082
-0.515734 0.338904 0.081723
-0.454999 0.352808 0.080486
-0.263229 0.380313 0.087173
-0.031858 0.377098 0.145130
0.211051 0.351552 0.207004
0.391983 0.395969 0.205879
0.441778 0.418755 0.204802
-0.580282 0.335624 0.091816
-0.092240 0.383488 0.150261
0.031375 0.352426 0.204176
0.087751 0.346179 0.208560
0.468489 0.434226 0.210936
-0.648031 0.337402 0.088482
-0.338156 0.345063 0.150293
-0.149173 0.382498 0.147214
0.146344 0.345628 0.222588
-0.365655 0.357926 0.130139
-0.262153 0.376693 0.148666
-0.205165 0.381248 0.146779
-0.022933 0.382456 0.205650
0.147230 0.347707 0.263935
0.210245 0.353476 0.265418
0.250756 0.364517 0.246847
0.273584 0.381522 0.267127
0.321164 0.401984 0.267620
-0.538290 0.335431 0.139547
0.011411 0.376610 0.223414
0.091547 0.353589 0.262457
0.380552 0.412819 0.258900
-0.588034 0.336951 0.146283
-0.339319 0.346253 0.202274
-0.152545 0.382629 0.204704
-0.088884 0.384087 0.207206
0.030727 0.384964 0.264151
-0.261643 0.378491 0.205422
-0.205429 0.381473 0.213758
-0.538188 0.335608 0.210581
-0.030159 0.387500 0.263901
0.075621 0.380712 0.285007
0.143741 0.348327 0.331833
0.198279 0.355500 0.321213
0.236875 0.373106 0.299772
-0.588476 0.339060 0.204650
-0.088269 0.386047 0.265705
0.084703 0.383344 0.315598
0.108958 0.356470 0.330663
-0.366651 0.353042 0.230320
-0.340084 0.344659 0.266224
-0.270447 0.379104 0.270529
-0.210471 0.383013 0.262820
-0.147317 0.384888 0.265233
-0.712786 0.733348 0.355839
-0.388887 0.346255 0.265538
0.029000 0.393205 0.321680
0.155389 0.350901 0.393977
0.195159 0.358111 0.367948
-0.589139 0.341314 0.264586
-0.522340 0.340737 0.268887
-0.447866 0.339274 0.274346
-0.310127 0.369382 0.284800
-0.090876 0.390146 0.330901
-0.029329 0.392090 0.336500
0.086195 0.346654 0.391536
-0.149144 0.388312 0.324344
0.039242 0.347398 0.399064
-0.657827 0.618455 0.018756
-0.640051 0.606097 0.036135
-0.455164 0.345095 0.326748
-0.385699 0.344168 0.332040
-0.342024 0.351611 0.325685
-0.270303 0.384799 0.326469
-0.209433 0.387397 0.332273
-0.520994 0.344582 0.326775
-0.313489 0.377268 0.321213
-0.021902 0.348305 0.410082
0.081821 0.355366 0.443043
0.149470 0.361331 0.431407
-0.642564 0.597236 0.092932
-0.584732 0.343588 0.331559
-0.145859 0.393004 0.380317
-0.093755 0.394517 0.378710
-0.588297 0.579582 0.145443
-0.387320 0.346956 0.400227
-0.331487 0.344920 0.390527
-0.201914 0.391628 0.381696
-0.087899 0.348233 0.452949
-0.031441 0.351515 0.458250
-0.701619 0.622789 0.086396
-0.451191 0.346880 0.396457
-0.256628 0.389081 0.373249
-0.146115 0.348173 0.458198
-0.636462 0.593677 0.148890
-0.531671 0.345191 0.391729
-0.595372 0.344970 0.397515
-0.329555 0.349777 0.455520
-0.262436 0.348090 0.452831
-0.215554 0.348112 0.459347
-0.633407 0.601272 0.190813
-0.471000 0.351015 0.434178
-0.120723 0.353434 0.494553
-0.163130 0.351836 0.504037
-0.483699 1.460340 -0.011515
-0.264335 1.565620 -0.083596
-0.650030 1.447910 -0.142909
-0.662280 1.515470 -0.394609
-0.663323 1.453090 -0.188580
-0.412403 1.521080 -0.067401
